																									
																									
																									
																									
																									
Sample Name : branco																									
																									
<Peak Table>																									
																									
UV Channel 1 215nm																									
Peak#	Ret. Time	Area	Height																						
1	1,899	1130267	113819																						
2	2,822	7121475	504619																						
3	3,526	10612626	1427810																						
4	6,022	263897	20037																						
5	8,474	2806	164																						
6	12,344	36153	1276																						
7	14,479	2821	128																						
8	17,355	21045	638																						
Total		19191088	2068492																						
																									
																									
UV Channel 2 215nm																									
Peak#	Ret. Time	Area	Height																						
1	1,901	1129209	114112																						
2	2,824	7133558	510029																						
3	3,527	10608478	1426532																						
4	6,023	263168	20043																						
5	8,476	3110	175																						
6	12,339	35001	1262																						
7	14,483	3024	122																						
8	17,365	21367	646																						
Total		19196915	2072921																						
																									
																									
RF Ex:373nm,Em:448nm																									
Peak#	Ret. Time	Area	Height																						
1	1,913	257974	27672																						
2	2,862	949658	46238																						
3	4,145	2190	262																						
4	5,93	14802	744																						
5	11,105	43985	1557																						
6	13,687	1953	98																						
7	18,024	63282	1990																						
8	18,632	56806	1469																						
Total		1390650	80030																						
																									
																									
																									
																									
																									
																									
Sample Name : 0.1 uM																									
																									
<Peak Table>																									
																									
UV Channel 1 215nm																									
Peak#	Ret. Time	Area	Height																						
1	1,488	9158	1107																						
2	2,428	3301	293																						
3	2,629	2949	249																						
4	2,833	1170	208																						
5	3,06	2227	180																						
6	3,167	1840	167																						
7	3,548	13458	1394																						
8	11,292	11833	404																						
Total		45935	4002																						
																									
																									
UV Channel 2 215nm																									
Peak#	Ret. Time	Area	Height																						
1	1,489	9502	1110																						
2	3,549	8917	1289																						
3	11,323	11668	409																						
Total		30087	2808																						
																									
																									
RF Ex:373nm,Em:448nm																									
Peak#	Ret. Time	Area	Height																						
1	1,872	151918	3010																						
2	2,436	41565	1831																						
3	2,973	4917	647																						
4	3,2	30673	2072																						
5	6,884	2511	171																						
6	7,68	2020	142																						
7	8,931	4620	200																						
8	11,332	5959320	194084																						
9	13,574	34390	1142																						
10	14,944	166258	5053																						
11	15,956	146945	4071																						
12	18,213	54880	1052																						
13	19,032	20064	479																						
Total		6620081	213955																						
																									
																									
																									
																									
																									
																									
Sample Name : 0.5 uM																									
																									
<Peak Table>																									
																									
UV Channel 1 215nm																									
Peak#	Ret. Time	Area	Height																						
1	1,529	6728	534																						
2	2,87	1735	308																						
3	3,552	46243	6041																						
4	11,417	61348	1928																						
Total		116054	8810																						
																									
																									
UV Channel 2 215nm																									
Peak#	Ret. Time	Area	Height																						
1	1,532	13937	632																						
2	2,208	1972	161																						
3	2,444	1841	185																						
4	2,873	2970	355																						
5	3,554	45999	6015																						
6	11,41	61554	1927																						
Total		128274	9274																						
																									
																									
RF Ex:373nm,Em:448nm																									
Peak#	Ret. Time	Area	Height																						
1	1,551	1276	122																						
2	1,816	3033	392																						
3	2,334	6841	758																						
4	2,866	42979	1752																						
5	3,63	82133	3373																						
6	6,895	13235	870																						
7	7,67	17091	882																						
8	9,023	31810	1044																						
9	9,617	2058	318																						
10	10,219	25273	615																						
11	10,55	3135	530																						
12	11,437	30609956	926308																						
13	13,607	175923	5641																						
14	14,973	851879	25234																						
15	15,978	753029	20344																						
16	18,24	271594	5175																						
17	19,206	88541	1976																						
Total		32979786	995334																						
																									
																									
																									
																									
																									
																									
Sample Name : branco																									
																									
<Peak Table>																									
																									
UV Channel 1 215nm																									
Peak#	Ret. Time	Area	Height																						
1	1,905	1089273	105357																						
2	2,826	7412229	872611																						
3	3,529	10547516	1427162																						
4	6,025	263720	19904																						
5	8,48	3351	194																						
6	11,545	1204	68																						
7	12,327	31356	1224																						
8	14,482	3658	148																						
9	17,327	22238	659																						
Total		19374545	2427326																						
																									
																									
UV Channel 2 215nm																									
Peak#	Ret. Time	Area	Height																						
1	1,906	1088972	105179																						
2	2,828	7412001	868789																						
3	3,531	10551721	1428865																						
4	6,026	263352	19893																						
5	8,474	3456	190																						
6	11,508	1035	52																						
7	12,335	33090	1244																						
8	14,514	3147	131																						
9	17,317	22327	658																						
Total		19379100	2425002																						
																									
																									
RF Ex:373nm,Em:448nm																									
Peak#	Ret. Time	Area	Height																						
1	0,097	4252	74																						
2	1,922	187813	19851																						
3	2,847	1131417	60389																						
4	5,932	10070	513																						
5	11,071	39464	1427																						
6	13,658	2249	102																						
7	17,982	64361	2012																						
8	18,565	73170	1666																						
9	19,683	1277	118																						
Total		1514073	86152																						
																									
																									
																									
																									
																									
																									
Sample Name : GMP NHY 1																									
																									
<Peak Table>																									
																									
UV Channel 1 215nm																									
Peak#	Ret. Time	Area	Height																						
1	1,597	32359	3533																						
2	2,019	1700	170																						
3	2,181	1717	177																						
4	2,733	10940	608																						
5	2,865	13838	1074																						
6	3,167	4486	396																						
7	3,533	1681268	237733																						
8	4,885	703260	15501																						
9	6,032	53381	3282																						
10	11,123	9857	376																						
11	12,341	5460	211																						
12	14,476	1134	100																						
13	14,575	1091	92																						
14	17,354	20272	602																						
Total		2540763	263855																						
																									
																									
UV Channel 2 215nm																									
Peak#	Ret. Time	Area	Height																						
1	1,598	32260	3551																						
2	2,027	2028	167																						
3	2,198	1460	176																						
4	2,725	11137	615																						
5	2,866	13817	1091																						
6	3,15	5742	424																						
7	3,535	1682212	237783																						
8	4,888	710628	15567																						
9	6,034	60911	3372																						
10	8,428	1431	73																						
11	11,122	8913	370																						
12	12,366	4679	197																						
13	14,538	1593	109																						
14	17,344	20127	598																						
Total		2556940	264093																						
																									
																									
RF Ex:373nm,Em:448nm																									
Peak#	Ret. Time	Area	Height																						
1	1,615	157077	3182																						
2	2,435	13169	1110																						
3	2,694	29461	1956																						
4	4,608	2995	208																						
5	4,925	8185	261																						
6	6,099	2301	137																						
7	7,784	4880	245																						
8	8,723	22822	1107																						
9	11,152	4632003	174232																						
10	13,439	6594	212																						
11	14,847	36126	1130																						
12	15,844	28656	806																						
13	18,815	134651	2522																						
Total		5078921	187107																						
																									
																									
																									
																									
																									
																									
Sample Name : GMP NHY 2																									
																									
<Peak Table>																									
																									
UV Channel 1 215nm																									
Peak#	Ret. Time	Area	Height																						
1	1,612	31451	3275																						
2	2,166	1500	161																						
3	2,865	37957	1369																						
4	3,53	1786108	254270																						
5	4,804	758984	17412																						
6	5,991	58396	3758																						
7	10,907	10366	407																						
8	12,231	4741	215																						
9	14,395	3704	154																						
10	17,052	20045	628																						
Total		2713253	281649																						
																									
																									
UV Channel 2 215nm																									
Peak#	Ret. Time	Area	Height																						
1	1,614	29891	3284																						
2	2,17	3548	199																						
3	2,867	38068	1374																						
4	3,532	1787831	254948																						
5	4,805	765182	17467																						
6	5,992	63191	3867																						
7	6,631	2168	114																						
8	10,912	9982	405																						
9	12,218	5256	230																						
10	14,387	3223	129																						
11	17,06	19836	630																						
Total		2728174	282646																						
																									
																									
RF Ex:373nm,Em:448nm																									
Peak#	Ret. Time	Area	Height																						
1	1,623	7315	697																						
2	2,149	1993	148																						
3	2,44	1537	136																						
4	2,758	18241	1585																						
5	3,217	1151	119																						
6	3,518	2301	203																						
7	4,008	3216	204																						
8	4,147	1895	216																						
9	4,483	7220	396																						
10	4,608	2833	407																						
11	4,804	13500	438																						
12	6,014	3699	182																						
13	7,654	6099	295																						
14	8,549	25273	1246																						
15	10,931	4894942	192221																						
16	12,059	1003	42																						
17	13,158	7169	246																						
18	14,485	39430	1299																						
19	15,467	29592	888																						
20	18,394	146280	2799																						
Total		5214690	203766																						
																									
																									
																									
																									
																									
																									
Sample Name : branco																									
																									
<Peak Table>																									
																									
UV Channel 1 215nm																									
Peak#	Ret. Time	Area	Height																						
1	1,878	844181	83983																						
2	2,807	7839539	1005843																						
3	3,519	10526013	1451137																						
4	4,881	9036	417																						
5	5,967	255535	19207																						
6	8,394	3206	193																						
7	11,348	1636	97																						
8	12,158	34914	1475																						
9	14,347	3702	157																						
10	17,017	25220	751																						
Total		19542982	2563261																						
																									
																									
UV Channel 2 215nm																									
Peak#	Ret. Time	Area	Height																						
1	1,88	847871	84178																						
2	2,808	7844103	1007386																						
3	3,52	10593450	1447890																						
4	4,893	8127	405																						
5	5,969	254571	19181																						
6	8,399	3895	218																						
7	11,346	2124	95																						
8	12,155	35703	1485																						
9	14,34	2825	132																						
10	17,014	24857	753																						
Total		19617525	2561722																						
																									
																									
RF Ex:373nm,Em:448nm																									
Peak#	Ret. Time	Area	Height																						
1	1,058	6953	218																						
2	1,192	2696	218																						
3	1,895	116358	11180																						
4	2,824	825045	61701																						
5	3,714	3693	206																						
6	5,887	10492	576																						
7	10,792	36446	1316																						
8	13,329	2338	112																						
9	17,517	66187	2117																						
10	18,005	49634	1585																						
Total		1119842	79229																						
																									
																									
																									
																									
Sample Name : 1 uM																									
																									
<Peak Table>																									
																									
UV Channel 1 215nm																									
Peak#	Ret. Time	Area	Height																						
1	1,521	14805	1103																						
2	1,898	3718	331																						
3	2,177	3350	267																						
4	2,444	1759	241																						
5	2,6	2221	238																						
6	2,867	8674	843																						
7	3,203	3628	235																						
8	3,542	105090	14633																						
9	3,987	2267	176																						
10	6,001	2153	149																						
11	11,041	133498	4507																						
12	14,467	1502	114																						
13	14,65	1457	114																						
14	15,553	1256	68																						
Total		285377	23020																						
																									
																									
UV Channel 2 215nm																									
Peak#	Ret. Time	Area	Height																						
1	1,521	15494	1111																						
2	1,898	4858	340																						
3	2,181	2597	281																						
4	2,433	1740	240																						
5	2,55	1971	238																						
6	2,869	9635	835																						
7	3,195	2608	225																						
8	3,544	105507	14600																						
9	6	2194	148																						
10	6,729	1955	95																						
11	11,042	133693	4499																						
12	14,492	1841	128																						
13	14,608	1337	116																						
14	15,49	2919	95																						
Total		288352	22953																						
																									
																									
RF Ex:373nm,Em:448nm																									
Peak#	Ret. Time	Area	Height																						
1	0,951	149336	2732																						
2	1,672	20103	1942																						
3	2,057	30666	2556																						
4	2,295	87268	6630																						
5	2,594	36539	3513																						
6	2,815	413690	25260																						
7	6,786	22029	1372																						
8	7,548	38066	1327																						
9	8,77	166247	3722																						
10	9,944	164634	2833																						
11	11,066	64989112	2126718																						
12	13,224	376274	12491																						
13	14,563	1808587	55274																						
14	15,524	1616347	44753																						
15	17,782	595571	11493																						
16	18,576	249088	5435																						
Total		70763556	2308052																						
																									
																									
																									
																									
																									
																									
Sample Name : 2 uM																									
																									
<Peak Table>																									
																									
UV Channel 1 215nm																									
Peak#	Ret. Time	Area	Height																						
1	1,536	15138	811																						
2	2,204	3163	265																						
3	2,867	3720	644																						
4	3,542	200459	27280																						
5	6,006	4772	321																						
6	7,903	2004	74																						
7	11,173	256552	8282																						
8	14,666	5698	196																						
9	17,092	3500	105																						
10	17,272	1293	85																						
Total		496297	38063																						
																									
																									
UV Channel 2 215nm																									
Peak#	Ret. Time	Area	Height																						
1	1,536	15369	795																						
2	2,186	3288	282																						
3	2,869	3832	643																						
4	3,544	200408	27238																						
5	6,002	4827	314																						
6	7,873	2868	135																						
7	8,85	1406	69																						
8	11,175	256933	8285																						
9	14,624	5583	196																						
10	15,617	3245	137																						
11	17,302	5839	39																						
Total		503597	38132																						
																									
																									
RF Ex:373nm,Em:448nm																									
Peak#	Ret. Time	Area	Height																						
1	1,068	2021	132																						
2	1,175	1757	121																						
3	1,548	1047	110																						
4	1,791	9882	1518																						
5	2,005	4629	513																						
6	2,332	39137	5324																						
7	2,489	28792	3138																						
8	2,878	195089	10032																						
9	3,54	449471	14109																						
10	4,627	49605	2379																						
11	5,675	63818	1647																						
12	5,758	8278	1663																						
13	5,834	66198	1661																						
14	6,807	83642	3553																						
15	7,567	138091	3808																						
16	8,042	7313	2444																						
17	8,87	332130	7093																						
18	10,001	290811	5379																						
19	11,198	124670581	3904231																						
20	13,313	719076	23499																						
21	14,652	3460900	104203																						
22	15,615	3078367	84345																						
23	17,874	1222374	22457																						
24	18,783	459442	9756																						
Total		135382451	4213116																						
																									
																									
																									
																									
																									
																									
Sample Name : branco																									
																									
<Peak Table>																									
																									
UV Channel 1 215nm																									
Peak#	Ret. Time	Area	Height																						
1	1,908	1210332	117814																						
2	2,832	7471345	988104																						
3	3,532	10527533	1439555																						
4	6	256550	19257																						
5	8,432	3948	229																						
6	11,418	1517	76																						
7	12,229	35065	1423																						
8	14,376	3251	135																						
9	17,127	28533	836																						
Total		19538072	2567430																						
																									
																									
UV Channel 2 215nm																									
Peak#	Ret. Time	Area	Height																						
1	1,91	1206513	117948																						
2	2,833	7477628	988667																						
3	3,533	10433819	1441004																						
4	6,002	256032	19228																						
5	8,43	3290	211																						
6	11,406	1895	87																						
7	12,23	34682	1412																						
8	14,409	2948	134																						
9	17,131	29499	844																						
Total		19446305	2569535																						
																									
																									
RF Ex:373nm,Em:448nm																									
Peak#	Ret. Time	Area	Height																						
1	1,137	14426	448																						
2	1,93	243878	28723																						
3	2,854	891347	59420																						
4	3,722	2701	130																						
5	5,905	9390	500																						
6	10,901	44164	1505																						
7	13,422	1735	78																						
8	17,641	315670	3855																						
Total		1523310	94660																						
																									
																									
																									
																									
																									
																									
Sample Name : GMP HY 1																									
																									
<Peak Table>																									
																									
UV Channel 1 215nm																									
Peak#	Ret. Time	Area	Height																						
1	1,594	26588	3006																						
2	2,213	8406	471																						
3	2,666	24763	1029																						
4	2,872	15884	1285																						
5	3,531	1893583	234330																						
6	3,743	386149	27363																						
7	5,972	57219	3407																						
8	7,557	1210	70																						
9	10,855	35663	1545																						
10	12,207	5072	234																						
11	14,416	5462	219																						
12	17,09	17355	543																						
Total		2477354	273502																						
																									
																									
UV Channel 2 215nm																									
Peak#	Ret. Time	Area	Height																						
1	1,596	27040	2979																						
2	2,21	7635	466																						
3	2,64	25163	1022																						
4	2,874	16928	1288																						
5	3,533	1888845	234582																						
6	3,745	388672	27345																						
7	5,974	57012	3404																						
8	7,608	1219	74																						
9	7,988	1128	64																						
10	8,423	1382	83																						
11	10,858	36616	1567																						
12	12,214	5611	238																						
13	14,39	5916	228																						
14	17,092	17283	545																						
Total		2480450	273885																						
																									
																									
RF Ex:373nm,Em:448nm																									
Peak#	Ret. Time	Area	Height																						
1	1,122	128670	2742																						
2	1,605	40408	2145																						
3	2,324	28661	2176																						
4	2,685	151017	11300																						
5	3,555	7963	630																						
6	3,753	15591	708																						
7	5,993	5662	269																						
8	6,408	1306	91																						
9	6,806	12742	594																						
10	7,217	1071	218																						
11	7,578	21738	1061																						
12	8,513	105711	5639																						
13	10,879	17556537	727854																						
14	12,106	224370	7793																						
15	13,145	94422	2977																						
16	14,498	349640	11397																						
17	15,489	394793	11270																						
18	17,724	112955	3849																						
19	18,372	931215	22201																						
Total		20184474	814914																						
																									
																									
																									
																									
																									
																									
Sample Name : GMP HY 2																									
																									
<Peak Table>																									
																									
UV Channel 1 215nm																									
Peak#	Ret. Time	Area	Height																						
1	1,605	24969	2803																						
2	2,187	7200	453																						
3	2,563	24796	1055																						
4	2,867	18722	1349																						
5	3,171	10289	1008																						
6	3,531	2102671	267911																						
7	3,807	500062	28767																						
8	5,977	72699	4315																						
9	8,008	1091	31																						
10	10,86	27843	1230																						
11	12,208	5694	265																						
12	14,398	7679	286																						
13	17,094	22484	691																						
Total		2826198	310165																						
																									
																									
UV Channel 2 215nm																									
Peak#	Ret. Time	Area	Height																						
1	1,606	25590	2824																						
2	2,197	7325	464																						
3	2,58	24846	1064																						
4	2,869	17087	1356																						
5	3,157	11214	1013																						
6	3,532	2101793	268252																						
7	3,808	503509	28784																						
8	5,979	72797	4316																						
9	10,864	28410	1233																						
10	12,202	6302	282																						
11	13,233	1163	108																						
12	13,4	1218	117																						
13	13,842	1734	135																						
14	14,391	11505	362																						
15	17,099	21699	681																						
Total		2836192	310992																						
																									
																									
RF Ex:373nm,Em:448nm																									
Peak#	Ret. Time	Area	Height																						
1	1,027	6279	277																						
2	1,133	3715	266																						
3	1,621	6720	643																						
4	2,349	17549	1694																						
5	2,705	131399	10523																						
6	3,583	5334	646																						
7	3,8	19301	726																						
8	6,003	4958	280																						
9	6,818	5714	386																						
10	7,581	13911	803																						
11	8,514	84491	4482																						
12	10,879	14091799	580833																						
13	12,106	108402	4672																						
14	13,145	60119	2212																						
15	14,498	290380	9644																						
16	15,486	320630	9358																						
17	17,749	128078	3836																						
18	18,368	760428	18024																						
Total		16059208	649307																						
																									
																									
																									
																									
																									
																									
Sample Name : branco																									
																									
<Peak Table>																									
																									
UV Channel 1 215nm																									
Peak#	Ret. Time	Area	Height																						
1	1,867	519806	52624																						
2	2,836	6932515	884746																						
3	3,528	9736689	1342559																						
4	5,157	16891	660																						
5	5,99	231311	17117																						
6	7,075	1096	24																						
7	8,419	5416	320																						
8	10,39	1943	96																						
9	11,383	1058	75																						
10	12,206	33810	1391																						
11	14,395	3663	160																						
12	17,101	36641	1051																						
Total		17520838	2300825																						
																									
																									
UV Channel 2 215nm																									
Peak#	Ret. Time	Area	Height																						
1	1,868	518153	52597																						
2	2,837	6927659	883070																						
3	3,53	9661103	1341302																						
4	5,145	17165	662																						
5	5,991	231538	17128																						
6	7,125	1194	56																						
7	8,423	4710	306																						
8	11,423	1355	74																						
9	12,216	33217	1390																						
10	14,403	4096	161																						
11	17,094	36214	1056																						
Total		17436405	2297802																						
																									
																									
RF Ex:373nm,Em:448nm																									
Peak#	Ret. Time	Area	Height																						
1	1,043	16591	427																						
2	1,883	129501	12858																						
3	2,854	549959	40553																						
4	3,699	6043	369																						
5	5,895	9215	489																						
6	10,871	36676	1224																						
7	13,44	1029	56																						
8	17,025	8073	268																						
9	17,612	80908	2323																						
10	18,098	48290	1559																						
Total		886285	60126																						
																									
																									
																									
																									
																									
																									
Sample Name : 5 uM																									
																									
<Peak Table>																									
																									
UV Channel 1 215nm																									
Peak#	Ret. Time	Area	Height																						
1	1,548	26314	1620																						
2	2,047	3482	285																						
3	2,18	2887	313																						
4	2,483	1820	223																						
5	2,608	2603	272																						
6	2,856	11270	904																						
7	3,187	4749	363																						
8	3,544	496729	70719																						
9	6,024	21839	1236																						
10	6,769	1370	86																						
11	11,041	638520	22535																						
12	13,282	4032	137																						
13	14,563	19035	601																						
14	15,512	14940	447																						
15	17,194	1817	107																						
16	17,858	6474	169																						
Total		1257883	100016																						
																									
																									
UV Channel 2 215nm																									
Peak#	Ret. Time	Area	Height																						
1	1,551	26142	1620																						
2	1,992	3592	272																						
3	2,191	2765	318																						
4	2,508	2153	235																						
5	2,617	2343	269																						
6	2,857	11066	900																						
7	3,197	4357	352																						
8	3,546	496854	70498																						
9	5,588	1904	94																						
10	6,025	26076	1315																						
11	6,764	7631	280																						
12	7,133	3390	218																						
13	7,486	1641	124																						
14	11,042	637737	22528																						
15	13,175	1386	126																						
16	13,263	2493	139																						
17	14,567	19924	608																						
18	15,557	15013	458																						
19	17,839	2887	108																						
Total		1269355	100461																						
																									
																									
RF Ex:373nm,Em:448nm																									
Peak#	Ret. Time	Area	Height																						
1	1,078	129400	2475																						
2	1,745	50684	5347																						
3	2,104	133627	15739																						
4	2,316	390865	31206																						
5	2,508	53321	15386																						
6	2,631	184285	20703																						
7	2,843	2440963	160081																						
8	4,338	1590	123																						
9	4,836	1305	103																						
10	6,81	77488	5322																						
11	7,57	68578	4324																						
12	8,759	945642	20501																						
13	10,284	1295156	20559																						
14	11,104	306126813	10238618																						
15	13,254	1808251	60953																						
16	14,599	8612749	267001																						
17	15,565	7659002	216146																						
18	17,826	2830822	54840																						
19	18,55	1247347	28764																						
Total		334057889	11168193																						
																									
																									
																									
																									
																									
																									
Sample Name : branco																									
																									
<Peak Table>																									
																									
UV Channel 1 215nm																									
Peak#	Ret. Time	Area	Height																						
1	1,893	559162	54939																						
2	2,84	6925886	897571																						
3	3,525	9660605	1344515																						
4	4,711	2996	105																						
5	5,988	232423	17339																						
6	8,417	4719	299																						
7	10,38	3141	143																						
8	11,374	1295	65																						
9	12,193	33776	1393																						
10	14,342	4269	160																						
11	17,078	36538	1076																						
Total		17464810	2317605																						
																									
																									
UV Channel 2 215nm																									
Peak#	Ret. Time	Area	Height																						
1	1,894	561264	55041																						
2	2,842	6929210	896995																						
3	3,527	9695218	1342845																						
4	4,757	3662	173																						
5	5,99	232250	17360																						
6	7,45	1080	91																						
7	8,411	5229	322																						
8	10,355	3479	136																						
9	11,354	1202	62																						
10	12,2	32967	1386																						
11	14,339	3211	147																						
12	17,071	37408	1083																						
Total		17506180	2315640																						
																									
																									
RF Ex:373nm,Em:448nm																									
Peak#	Ret. Time	Area	Height																						
1	1,142	40045	1141																						
2	1,897	188102	18975																						
3	2,866	620765	38961																						
4	3,66	4462	306																						
5	5,892	8593	464																						
6	10,889	59170	1674																						
7	13,374	1058	52																						
8	17,545	600602	6464																						
Total		1522798	68037																						
																									
Sample Name : MUCIN NHY 1																									
																									
<Peak Table>																									
																									
UV Channel 1 215nm																									
Peak#	Ret. Time	Area	Height																						
1	1,744	144900	13758																						
2	2,552	65141	5635																						
3	2,867	6793866	968272																						
4	3,528	9738336	1372381																						
5	5,973	341913	17471																						
6	6,925	4313	200																						
7	7,7	1261	97																						
8	8,449	4718	275																						
9	10,857	7654	373																						
10	12,213	36721	1615																						
11	14,396	15767	617																						
12	17,12	136593	4168																						
Total		17291183	2384860																						
																									
																									
UV Channel 2 215nm																									
Peak#	Ret. Time	Area	Height																						
1	1,746	143190	13736																						
2	2,554	63375	5498																						
3	2,87	6772123	965228																						
4	3,53	9651742	1369990																						
5	5,975	334502	17399																						
6	8,449	4743	278																						
7	10,871	7466	381																						
8	12,22	36631	1613																						
9	14,378	15862	612																						
10	17,121	135759	4160																						
Total		17165394	2378896																						
																									
																									
RF Ex:373nm,Em:448nm																									
Peak#	Ret. Time	Area	Height																						
1	1,01	141963	2763																						
2	1,758	65018	3994																						
3	2,492	2632	252																						
4	2,902	445252	33338																						
5	5,895	31685	1703																						
6	6,814	1809	125																						
7	7,631	24859	1583																						
8	8,518	737555	39042																						
9	10,892	5024518	207391																						
10	12,069	1646	79																						
11	13,158	8783	516																						
12	13,36	17506	592																						
13	14,501	60327	1758																						
14	15,482	44018	1344																						
15	17,662	410150	10632																						
Total		7017722	305111																						
																									
Sample Name : MUCIN NHY 2																									
																									
																									
																									
																									
																									
																									
																									
																									
<Peak Table>																									
																									
UV Channel 1 215nm																									
Peak#	Ret. Time	Area	Height																						
1	1,723	165582	15619																						
2	2,215	8035	532																						
3	2,543	40319	4442																						
4	2,875	6579284	1067167																						
5	3,527	9563931	1354525																						
6	5,968	329433	16595																						
7	8,428	6265	389																						
8	10,872	10383	415																						
9	12,211	35951	1588																						
10	14,391	20072	759																						
11	17,113	126923	3893																						
Total		16886176	2465926																						
																									
																									
UV Channel 2 215nm																									
Peak#	Ret. Time	Area	Height																						
1	1,724	165241	15584																						
2	2,22	8687	525																						
3	2,545	42155	4446																						
4	2,877	6580180	1069333																						
5	3,528	9569470	1352721																						
6	5,969	320201	16595																						
7	6,525	1477	301																						
8	6,6	7685	305																						
9	8,44	5996	390																						
10	10,857	10768	412																						
11	12,212	36164	1587																						
12	14,404	19709	749																						
13	17,117	126646	3883																						
Total		16894381	2466830																						
																									
																									
RF Ex:373nm,Em:448nm																									
Peak#	Ret. Time	Area	Height																						
1	1,113	490762	9449																						
2	1,735	132979	6798																						
3	2,898	406704	34679																						
4	5,89	28297	1548																						
5	6,815	1955	139																						
6	7,627	23563	1507																						
7	8,509	686964	36456																						
8	10,885	4706726	194661																						
9	12,092	1201	72																						
10	13,391	23770	578																						
11	14,496	56134	1661																						
12	15,486	43079	1309																						
13	17,653	353849	9189																						
Total		6955981	298045																						
																									
Sample Name : h2O																									
																									
																									
																									
																									
																									
																									
<Peak Table>																									
																									
UV Channel 1 215nm																									
Peak#	Ret. Time	Area	Height																						
1	1,691	165940	16737																						
2	2,194	7454	584																						
3	2,878	4966558	860136																						
4	3,525	7383106	1053236																						
5	5,971	195333	11211																						
6	6,542	7577	227																						
7	8,417	3871	239																						
8	12,197	26988	1200																						
9	14,356	8200	335																						
10	17,086	97060	2987																						
Total		12862086	1946892																						
																									
																									
UV Channel 2 215nm																									
Peak#	Ret. Time	Area	Height																						
1	1,693	165883	16783																						
2	2,212	7740	579																						
3	2,88	4964729	856531																						
4	3,527	7381106	1051569																						
5	5,972	194978	11218																						
6	6,55	5745	224																						
7	7,067	1796	130																						
8	8,409	3950	242																						
9	11,375	1127	65																						
10	12,199	26954	1196																						
11	14,375	8635	343																						
12	17,095	96308	2975																						
Total		12858950	1941854																						
																									
																									
RF Ex:373nm,Em:448nm																									
Peak#	Ret. Time	Area	Height																						
1	1,072	460844	8819																						
2	1,702	114417	6165																						
3	2,891	199508	24502																						
4	5,903	11166	645																						
5	10,876	64746	2704																						
6	13,39	1647	85																						
7	17,601	35997	965																						
Total		888325	43885																						
																									
Sample Name : branco																									
																									
																									
																									
																									
																									
																									
<Peak Table>																									
																									
UV Channel 1 215nm																									
Peak#	Ret. Time	Area	Height																						
1	1,864	685169	62071																						
2	2,818	7231239	878868																						
3	3,527	9736883	1368692																						
4	5,036	14929	670																						
5	5,994	233732	17820																						
6	8,428	5473	340																						
7	10,412	7435	281																						
8	11,44	1081	65																						
9	12,218	36441	1572																						
10	14,383	3249	148																						
11	17,117	38490	1122																						
Total		17994120	2331649																						
																									
																									
UV Channel 2 215nm																									
Peak#	Ret. Time	Area	Height																						
1	1,866	685545	62318																						
2	2,82	7240154	877766																						
3	3,529	9741799	1366226																						
4	5,047	15660	689																						
5	5,995	234251	17811																						
6	8,425	5025	329																						
7	10,436	7612	289																						
8	11,474	1578	78																						
9	12,217	36530	1573																						
10	14,334	3567	149																						
11	17,117	37440	1112																						
Total		18009161	2328341																						
																									
																									
RF Ex:373nm,Em:448nm																									
Peak#	Ret. Time	Area	Height																						
1	1,042	11997	411																						
2	1,158	5345	393																						
3	1,877	133738	14253																						
4	2,833	467938	32578																						
5	3,7	13980	646																						
6	5,897	8053	415																						
7	10,9	31716	1116																						
8	17,649	143751	2941																						
Total		816518	52755																						
																									
Sample Name : 1 uM																									
																									
																									
																									
																									
																									
																									
<Peak Table>																									
																									
UV Channel 1 215nm																									
Peak#	Ret. Time	Area	Height																						
1	1,515	13182	968																						
2	1,897	3396	249																						
3	2,185	3122	263																						
4	2,871	19836	907																						
5	3,198	9980	579																						
6	3,548	127570	15362																						
7	6,022	2712	179																						
8	11,115	135845	4319																						
9	14,615	2733	129																						
10	14,817	1103	93																						
11	15,548	2302	86																						
Total		321783	23134																						
																									
																									
UV Channel 2 215nm																									
Peak#	Ret. Time	Area	Height																						
1	1,516	11836	933																						
2	1,909	2046	226																						
3	2,058	1457	213																						
4	2,188	2506	261																						
5	2,872	18834	902																						
6	3,206	10485	566																						
7	3,55	113786	15392																						
8	3,996	14462	467																						
9	6,018	2513	179																						
10	11,116	135410	4314																						
11	14,64	3570	127																						
12	15,631	1994	87																						
Total		318898	23668																						
																									
																									
RF Ex:373nm,Em:448nm																									
Peak#	Ret. Time	Area	Height																						
1	1,095	146416	2875																						
2	1,669	27585	2498																						
3	2,058	44078	3793																						
4	2,181	19702	3454																						
5	2,302	79634	7120																						
6	2,624	38824	3766																						
7	2,834	372490	21665																						
8	6,817	4188	196																						
9	7,742	20459	652																						
10	8,817	155489	3431																						
11	9,932	153892	2550																						
12	11,137	65262100	2021104																						
13	13,314	378210	12229																						
14	14,666	1816477	54255																						
15	15,632	1619567	43862																						
16	17,906	596828	11256																						
17	18,636	242411	5327																						
Total		70978348	2200031																						
																									
																									
																									
																									
																									
																									
Sample Name : branco																									
																									
<Peak Table>																									
																									
UV Channel 1 215nm																									
Peak#	Ret. Time	Area	Height																						
1	1,903	680169	79454																						
2	2,835	7115642	908692																						
3	3,533	10052676	1379459																						
4	6,004	251010	18736																						
5	8,436	4594	243																						
6	10,413	9302	357																						
7	12,237	36593	1552																						
8	14,401	3316	142																						
9	17,156	31662	947																						
Total		18184964	2389582																						
																									
																									
UV Channel 2 215nm																									
Peak#	Ret. Time	Area	Height																						
1	1,905	678475	79597																						
2	2,836	7112803	908651																						
3	3,535	9953687	1378754																						
4	6,006	250797	18754																						
5	8,441	3859	234																						
6	10,417	9129	357																						
7	11,429	1332	74																						
8	12,234	36201	1553																						
9	14,415	3062	132																						
10	17,144	32140	952																						
Total		18081485	2389057																						
																									
																									
RF Ex:373nm,Em:448nm																									
Peak#	Ret. Time	Area	Height																						
1	1,192	2089	146																						
2	1,907	253458	25028																						
3	2,855	632798	40597																						
4	3,72	10751	592																						
5	5,901	7502	408																						
6	10,918	44430	1585																						
7	17,674	241476	4070																						
Total		1192504	72426																						
																									
Sample Name : MUCIN HY 1																									
																									
																									
																									
																									
																									
																									
<Peak Table>																									
																									
UV Channel 1 215nm																									
Peak#	Ret. Time	Area	Height																						
1	1,727	113161	11676																						
2	2,553	78638	7058																						
3	2,821	7889219	910728																						
4	3,538	9121006	1292120																						
5	5,877	186328	15862																						
6	5,967	197573	16167																						
7	7,787	1227	99																						
8	8,512	9924	535																						
9	10,926	44954	1887																						
10	12,26	34884	1554																						
11	14,439	33871	1295																						
12	17,184	119794	3645																						
Total		17830578	2262626																						
																									
																									
UV Channel 2 215nm																									
Peak#	Ret. Time	Area	Height																						
1	1,73	112995	11666																						
2	2,555	81897	7065																						
3	2,823	7885455	914818																						
4	3,54	9124685	1296118																						
5	5,879	184728	15857																						
6	5,968	198968	16160																						
7	7,772	1253	90																						
8	8,523	10140	537																						
9	10,926	44684	1894																						
10	12,26	35257	1558																						
11	14,436	33620	1293																						
12	17,186	119099	3647																						
Total		17832780	2270702																						
																									
																									
RF Ex:373nm,Em:448nm																									
Peak#	Ret. Time	Area	Height																						
1	1,161	133076	2961																						
2	1,742	85367	4149																						
3	2,483	5629	476																						
4	2,951	801074	76644																						
5	3,962	1836	149																						
6	5,876	36549	1760																						
7	6,828	14485	913																						
8	7,655	56183	3462																						
9	8,559	2940653	156161																						
10	10,946	21440973	881499																						
11	12,185	35357	1685																						
12	13,235	217162	4436																						
13	14,59	472254	15334																						
14	15,571	413705	12429																						
15	17,757	668246	18836																						
16	18,42	499052	12351																						
Total		27821602	1193245																						
																									
																									
																									
																									
																									
																									
Sample Name : MUCIN HY 2																									
																									
<Peak Table>																									
																									
UV Channel 1 215nm																									
Peak#	Ret. Time	Area	Height																						
1	1,729	121107	11726																						
2	2,555	74949	6105																						
3	2,858	8121529	942964																						
4	3,541	9743771	1381904																						
5	5,975	439103	17659																						
6	8,513	9040	512																						
7	10,915	42737	1765																						
8	12,258	37663	1673																						
9	14,442	40111	1505																						
10	17,195	132627	4061																						
Total		18762637	2369875																						
																									
																									
UV Channel 2 215nm																									
Peak#	Ret. Time	Area	Height																						
1	1,731	122511	11754																						
2	2,556	75843	6170																						
3	2,86	8119777	942972																						
4	3,543	9809839	1383261																						
5	5,977	440699	17670																						
6	7,608	1413	83																						
7	7,767	1303	129																						
8	8,513	9652	522																						
9	10,921	42760	1765																						
10	12,262	37816	1680																						
11	14,443	39305	1493																						
12	17,196	132863	4065																						
Total		18833780	2371563																						
																									
																									
RF Ex:373nm,Em:448nm																									
Peak#	Ret. Time	Area	Height																						
1	1,271	663083	13915																						
2	1,733	244347	11103																						
3	2,954	713228	74347																						
4	3,958	1948	151																						
5	5,88	42628	1968																						
6	6,828	21207	1327																						
7	7,647	59753	3638																						
8	8,555	2747745	145416																						
9	10,942	19949757	819719																						
10	12,177	33749	1609																						
11	13,227	201089	4217																						
12	14,583	459957	14926																						
13	15,568	399638	12005																						
14	17,759	663455	18325																						
15	18,417	473727	11774																						
Total		26675311	1134440																						
																									
																									
																									
																									
																									
																									
Sample Name : h2O																									
																									
<Peak Table>																									
																									
UV Channel 1 215nm																									
Peak#	Ret. Time	Area	Height																						
1	1,726	107558	10375																						
2	2,219	6399	378																						
3	2,891	6285224	1041259																						
4	3,545	9872595	1379400																						
5	6,006	349270	17405																						
6	7,797	1658	102																						
7	8,475	4134	233																						
8	11,522	1787	93																						
9	12,281	38399	1676																						
10	14,458	16971	663																						
11	17,221	161427	4905																						
Total		16845421	2456488																						
																									
																									
UV Channel 2 215nm																									
Peak#	Ret. Time	Area	Height																						
1	1,728	106568	10337																						
2	2,221	5074	305																						
3	2,892	6273162	1037427																						
4	3,547	9765900	1380823																						
5	6,008	348816	17404																						
6	8,471	3693	223																						
7	11,466	1066	79																						
8	12,277	37258	1670																						
9	14,477	17023	671																						
10	17,223	160550	4904																						
Total		16719110	2453842																						
																									
																									
RF Ex:373nm,Em:448nm																									
Peak#	Ret. Time	Area	Height																						
1	1,253	851876	13131																						
2	2,902	212927	21956																						
3	5,916	30880	1556																						
4	10,96	52525	2055																						
5	13,457	1472	75																						
6	17,737	77042	1567																						
Total		1226723	40341																						
																									
																									
																									
																									
																									
																									
																									
																									
																									
																									
																									
																									
																									
																									
																									
																									
																									
																									
																									
																									
																									
																									
																									
																									
																									
																									
																									
																									
																									
																									
																									
																									
																									
																									
																									
																									
																									
																									
																									
																									
																									
																									
																									
																									
																									
																									
																									
																									
																									
																									
																									
																									
																									
																									
																									
																									
																									
																									
																									
																									
																									
																									
																									
																									
																									
																									
																									
																									
																									
																									
																									
																									
																									
																									
																									
																									
																									
																									
																									
																									
																									
																									
																									
																									
																									
																									
																									
																									
																									
																									
																									
																									
																									
																									
																									
																									
																									
																									
																									
																									
																									
																									
																									
																									
																									
																									
																									
																									
																									
																									
																									
																									
																									
																									
																									
																									
																									
																									
																									
																									
																									
																									
																									
																									
																									
																									
																									
																									
																									
																									
																									
																									
																									
																									
																									
																									
																									
																									
																									
																									
																									
																									
																									
																									
																									
																									
																									
																									
																									
																									
																									
																									
																									
																									
																									
																									
																									
																									
																									
																									
																									
																									
																									
																									
																									
																									
																									
																									
																									
																									
																									
																									
																									
																									
																									
																									
																									
																									
																									
																									
																									
																									
																									
																									
																									
																									
																									
																									
																									
																									
																									
																									
																									
																									
																									
																									
																									
																									
																									
																									
																									
																									
																									
																									
																									
																									
																									
																									
																									
																									
																									
																									
																									
																									
																									
																									
																									
																									
																									
																									
																									
																									
																									
																									
																									
																									
																									
																									
																									
																									
																									
																									
																									
																									
																									
																									
																									
																									
																									
																									
																									
																									
																									
																									
																									
																									
																									
																									
																									
																									
																									
																									
																									
																									
																									
																									
																									
																									
																									
																									
																									
																									
																									
																									
																									
																									
																									
																									
																									
																									
																									
																									
																									
																									
																									
																									
																									
																									
																									
																									
																									
																									
																									
																									
																									
																									
																									
																									
																									
																									
																									
																									
																									
																									
																									
																									
																									
																									
																									
																									
																									
																									
																									
																									
																									
																									
																									
																									
																									
																									
																									
																									
																									
																									
																									
																									
																									
																									
																									
																									
																									
																									
																									
																									
																									
																									
																									
																									
																									
																									
																									
																									
																									
																									
																									
																									
																									
																									
																									
																									
																									
																									
																									
																									
																									
																									
																									
																									
																									
																									
																									
																									
																									
																									
																									
																									
																									
																									
																									
																									
																									
																									
																									
																									
																									
																									
																									
																									
																									
																									
																									
																									
																									
																									
																									
																									
																									
																									
																									
																									
																									
																									
																									
																									
																									
																									
																									
																									
																									
																									
																									
																									
																									
																									
																									
																									
																									
																									
																									
																									
																									
																									
																									
																									
																									
																									
																									
																									
																									
																									
																									
																									
																									
																									
																									
																									
																									
																									
																									
																									
																									
																									
																									
																									
																									
																									
																									
																									
																									
																									
																									
																									
																									
																									
																									
																									
																									
																									
																									
																									
																									
																									
																									
																									
																									
																									
																									
																									
																									
																									
																									
																									
																									
																									
																									
																									
																									
																									
																									
																									
																									
																									
																									
																									
																									
																									
																									
																									
																									
																									
																									
																									
																									
																									
																									
																									
																									
																									
																									
																									
																									
																									
																									
																									
																									
																									
																									
																									
																									
																									
																									
																									
																									
																									
																									
																									
																									
																									
																									
																									
																									
																									
																									
																									
																									
																									
																									
																									
																									
																									
																									
																									
																									
																									
																									
																									
																									
																									
																									
																									
																									
																									
																									
																									
																									
																									
																									
																									
																									
																									
																									
																									
																									
																									
																									
																									
